#Tick speed:
2000

#Simulation speed:
50000

#Starting zoom:
4.444444444444444E8

#Celestial bodies Format: Velx (m/s) Vely (m/s) Posx (km) Posy (km) Mass (e21kg) Radius (km) Fixed(true/false) Color (r g b)
0.0 0.0 0.0 0.0 1.9885E9 695700.0 true 255 255 0
13837.72682275103 -42679.04342453888 5.3802278400654234E7 3.0125966826671164E7 330.0 2440.0 false 192 192 192
-7598.071426936558 -34232.53321716227 1.0566225840610415E8 -2.2746166095863592E7 4868.0 6052.0 false 255 165 0
27008.936457096548 13059.408964465409 -6.259108863176995E7 1.346375692286493E8 5972.0 6372.0 false 0 0 255
28074.52914912465 13276.625417134617 -6.2671987974678956E7 1.3501095995422435E8 73.0 1737.0 false 128 128 128
-15648.842323768396 -20769.872919140576 1.610510389022461E8 -1.3617909812281442E8 642.0 3389.0 false 255 0 0
13651.14230501142 -1339.1045222784553 7.601854798421568E7 7.372393793390831E8 1898130.0 69911.0 false 255 165 0
-9134.533820995048 324.6301803723475 -5.071688861631919E7 -1.5056260714421792E9 568320.0 58232.0 false 255 255 0
98.73700873022797 7129.296738686208 -2.7324219969345655E9 3.9570210528322734E7 86811.0 25362.0 false 0 255 255
-35.4837197105201 -5369.881435884421 4.558758532293926E9 -2.98032784105813E7 102409.0 24622.0 false 0 0 255